['Amres.gml', [22, 21, set([2000000.0, 1000000000.0])]]
['Arnes.gml', [34, 47, set([1000000000.0, 3000000000.0, 10000000000.0])]]
['Belnet2003.gml', [17, 32, set([155000000.0, 2500000000.0, 10000000000.0])]]
['Belnet2004.gml', [17, 32, set([155000000.0, 2500000000.0, 10000000000.0])]]
['Belnet2005.gml', [17, 32, set([155000000.0, 2500000000.0, 10000000000.0])]]
['Belnet2006.gml', [17, 32, set([155000000.0, 2500000000.0, 10000000000.0])]]
['Bren.gml', [34, 35, set([100000000.0, 1000000000.0])]]
['Carnet.gml', [41, 40, set([2000000.0, 4000000.0, 6000000.0, 10000000.0, 100000000.0, 200000000.0, 1000000000.0])]]
['Cernet.gml', [37, 55, set([2000000.0, 155000000.0, 2500000000.0])]]
['Cesnet1993.gml', [9, 8, set([20000.0, 60000.0])]]
['Cesnet1999.gml', [11, 10, set([2000000.0, 34000000.0, 155000000.0])]]
['Cesnet2001.gml', [20, 20, set([100000.0, 200000.0, 500000.0, 2000000.0, 34000000.0, 155000000.0, 2500000000.0])]]
['Cesnet200304.gml', [26, 30, set([10000000.0, 34000000.0, 1000000000.0, 2500000000.0])]]
['Cesnet201006.gml', [45, 56, set([100000000.0, 10000000000.0])]]
['Cudi.gml', [8, 8, set([24000000.0, 155000000.0])]]
['Cynet.gml', [24, 23, set([1000000.0, 2000000.0, 10000000.0, 34000000.0, 60000000.0, 100000000.0, 1000000000.0])]]
['Eenet.gml', [12, 15, set([10000000.0, 20000000.0, 100000000.0, 1000000000.0])]]
['Esnet.gml', [54, 77, set([45000000.0, 155000000.0, 10000000000.0])]]
['Gambia.gml', [25, 25, set([64000.0, 128000.0, 2000000.0, 10000000.0])]]
['Garr200902.gml', [42, 58, set([34000000.0, 100000000.0, 155000000.0, 622000000.0, 1000000000.0, 2500000000.0, 10000000000.0])]]
['Garr200908.gml', [42, 56, set([34000000.0, 100000000.0, 155000000.0, 622000000.0, 1000000000.0, 2500000000.0, 10000000000.0])]]
['Garr200909.gml', [42, 56, set([34000000.0, 100000000.0, 155000000.0, 622000000.0, 1000000000.0, 2500000000.0, 10000000000.0])]]
['Garr200912.gml', [42, 56, set([34000000.0, 100000000.0, 155000000.0, 622000000.0, 1000000000.0, 2500000000.0, 10000000000.0])]]
['Garr201001.gml', [42, 56, set([34000000.0, 100000000.0, 155000000.0, 622000000.0, 1000000000.0, 2500000000.0, 10000000000.0])]]
['Garr201003.gml', [42, 59, set([34000000.0, 100000000.0, 155000000.0, 622000000.0, 1000000000.0, 2500000000.0, 10000000000.0])]]
['Garr201004.gml', [42, 59, set([34000000.0, 100000000.0, 155000000.0, 622000000.0, 1000000000.0, 2500000000.0, 10000000000.0])]]
['Garr201005.gml', [43, 60, set([34000000.0, 100000000.0, 155000000.0, 622000000.0, 1000000000.0, 2500000000.0, 10000000000.0])]]
['Garr201007.gml', [43, 62, set([34000000.0, 100000000.0, 155000000.0, 622000000.0, 1000000000.0, 2500000000.0, 10000000000.0])]]
['Garr201008.gml', [43, 62, set([34000000.0, 100000000.0, 155000000.0, 622000000.0, 1000000000.0, 2500000000.0, 10000000000.0])]]
['Garr201010.gml', [44, 63, set([34000000.0, 100000000.0, 155000000.0, 622000000.0, 1000000000.0, 2500000000.0, 10000000000.0])]]
['Garr201012.gml', [44, 63, set([34000000.0, 100000000.0, 155000000.0, 622000000.0, 1000000000.0, 2500000000.0, 10000000000.0])]]
['Garr201101.gml', [44, 64, set([34000000.0, 100000000.0, 155000000.0, 622000000.0, 1000000000.0, 2500000000.0, 10000000000.0])]]
['Garr201102.gml', [45, 65, set([34000000.0, 100000000.0, 155000000.0, 622000000.0, 1000000000.0, 2500000000.0, 10000000000.0])]]
['Garr201103.gml', [46, 69, set([34000000.0, 100000000.0, 155000000.0, 622000000.0, 1000000000.0, 2500000000.0, 10000000000.0])]]
['Garr201104.gml', [47, 71, set([34000000.0, 100000000.0, 155000000.0, 622000000.0, 1000000000.0, 2500000000.0, 10000000000.0])]]
['Garr201105.gml', [47, 72, set([34000000.0, 100000000.0, 155000000.0, 622000000.0, 1000000000.0, 2500000000.0, 10000000000.0])]]
['Garr201107.gml', [47, 73, set([34000000.0, 100000000.0, 155000000.0, 622000000.0, 1000000000.0, 2500000000.0, 10000000000.0])]]
['Garr201108.gml', [47, 73, set([34000000.0, 100000000.0, 155000000.0, 622000000.0, 1000000000.0, 2500000000.0, 10000000000.0])]]
['Garr201109.gml', [47, 74, set([34000000.0, 100000000.0, 155000000.0, 622000000.0, 1000000000.0, 2500000000.0, 10000000000.0])]]
['Garr201110.gml', [47, 75, set([34000000.0, 100000000.0, 155000000.0, 622000000.0, 1000000000.0, 2500000000.0, 10000000000.0])]]
['Garr201111.gml', [47, 74, set([34000000.0, 100000000.0, 155000000.0, 622000000.0, 1000000000.0, 2500000000.0, 10000000000.0])]]
['Garr201112.gml', [48, 76, set([34000000.0, 100000000.0, 155000000.0, 622000000.0, 1000000000.0, 2500000000.0, 10000000000.0])]]
['Garr201201.gml', [48, 76, set([34000000.0, 100000000.0, 155000000.0, 622000000.0, 1000000000.0, 2500000000.0, 10000000000.0])]]
['Geant2001.gml', [27, 38, set([34000000.0, 45000000.0, 155000000.0, 622000000.0, 2500000000.0, 10000000000.0])]]
['Geant2009.gml', [34, 52, set([45000000.0, 155000000.0, 310000000.0, 2500000000.0, 10000000000.0])]]
['Geant2010.gml', [37, 58, set([155000000.0, 1000000000.0, 2500000000.0, 10000000000.0])]]
['Geant2012.gml', [40, 61, set([155000000.0, 1000000000.0, 2500000000.0, 10000000000.0])]]
['Grnet.gml', [34, 44, set([100000000.0, 1000000000.0, 2500000000.0, 10000000000.0])]]
['Internetmci.gml', [19, 45, set([155000000.0, 622000000.0])]]
['Internode.gml', [20, 32, set([100000000.0, 250000000.0, 622000000.0, 1000000000.0, 1200000000.0, 1800000000.0, 2000000000.0, 2400000000.0, 3100000000.0, 4800000000.0, 35000000000.0, 40000000000.0, 45000000000.0])]]
['Janetlense.gml', [19, 38, set([1000000000.0, 10000000000.0])]]
['Karen.gml', [23, 28, set([1000000000.0, 10000000000.0])]]
['KentmanApr2007.gml', [22, 22, set([2000000.0, 10000000.0, 100000000.0, 155000000.0, 2000000000.0])]]
['KentmanAug2005.gml', [28, 29, set([2000000.0, 10000000.0, 34000000.0, 155000000.0, 1000000000.0])]]
['KentmanFeb2008.gml', [25, 26, set([2000000.0, 10000000.0, 100000000.0, 155000000.0, 2000000000.0])]]
['KentmanJan2011.gml', [34, 32, set([10000000.0, 100000000.0, 1000000000.0, 2000000000.0, 10000000000.0])]]
['KentmanJul2005.gml', [16, 17, set([34000000.0, 155000000.0])]]
['Kreonet.gml', [13, 12, set([2500000000.0, 5000000000.0, 10000000000.0, 20000000000.0])]]
['Litnet.gml', [42, 42, set([8000000.0, 10000000.0, 20000000.0, 40000000.0, 60000000.0, 1000000000.0])]]
['Marnet.gml', [17, 24, set([4000000.0, 155000000.0, 1000000000.0])]]
['Marwan.gml', [14, 16, set([2000000.0, 34000000.0, 155000000.0])]]
['Myren.gml', [35, 38, set([2000000.0, 10000000.0, 20000000.0, 30000000.0, 50000000.0, 100000000.0, 155000000.0, 622000000.0, 1000000000.0])]]
['Niif.gml', [35, 40, set([34000000.0, 155000000.0, 1000000000.0, 2500000000.0, 10000000000.0])]]
['Nordu2005.gml', [6, 7, set([155000000.0, 1000000000.0, 5000000000.0, 10000000000.0])]]
['Padi.gml', [14, 5, set([2000000.0, 100000000.0])]]
['Rediris.gml', [19, 32, set([100000000.0, 155000000.0, 622000000.0, 2500000000.0, 10000000000.0])]]
['Renam.gml', [3, 2, set([128000.0, 8000000.0])]]
['Renater1999.gml', [24, 23, set([34000000.0, 155000000.0])]]
['Renater2001.gml', [24, 27, set([8000000.0, 34000000.0, 155000000.0, 622000000.0, 2400000000.0])]]
['Renater2004.gml', [24, 29, set([155000000.0, 622000000.0, 2500000000.0])]]
['Reuna.gml', [35, 34, set([155000000.0, 205000000.0, 301000000.0])]]
['Rnp.gml', [28, 31, set([20000000.0, 200000000.0, 3000000000.0, 10000000000.0])]]
['Sanet.gml', [35, 37, set([100000000.0, 10000000000.0])]]
['SwitchL3.gml', [30, 51, set([1000000000.0, 10000000000.0])]]
['Uninett2010.gml', [74, 101, set([1000000000.0, 2500000000.0, 10000000000.0])]]
['Uninett2011.gml', [66, 95, set([1000000000.0, 2500000000.0, 10000000000.0])]]
['Uran.gml', [19, 19, set([100000000.0, 1000000000.0])]]
['Vinaren.gml', [21, 22, set([20000000.0, 45000000.0, 155000000.0, 622000000.0])]]
['WideJpn.gml', [19, 22, set([1000000000.0, 10000000000.0])]]

